3.89455880961152
3.51693605407816
4.56874187484423
1.52979835736375
1.36825316141712
1.47718129637063
1.07521977971323
8.66091052859819
1.34724031435449
11.6196756982526
1.09483415488827
2.15262684289748
1.16958218275729
3.13037547167437
4.11087630655448
1.99556879251324
1.12955088774692
3.16828517638804
1.89010227215316
2.76179324548156
1.30031157685643
1.09297777682718
19.7657230667192
31.3102883628074
1.27755315930176
5.19980324182125
2.99577712807801
8.06869142917889
1.02921006554759
6.53570833885918
6.55963845868796
1.31688312393915
1.34194183630482
1.40784493279034
14.5394939925756
4.62187993530008
4.22045358419861
1.38319001813693
1.58690546080167
2.67106984388377
2.03064313850454
2.58929918910044
2.17954127721831
1.03458529198281
5.61990860993356
1.54636014723176
1.09304690806492
1.96301250869935
2.14156882550358
9.17822272687232
2.68279799557272
23.3868532213036
1.15728497066762
1.33558355366258
1.01670846703812
1.76044248956846
23.9820692492185
1.98874944251444
2.10350388741939
1.71622963997949
1.00751641919083
16.0109109727858
1.61813946845227
1.27520365610982
1.20111657150071
3.3094195878626
1.32568801290264
2.01711144021415
1.86585605234339
11.8394893187738
29.2646597353025
2.47931782835973
194.174139044752
2.12536167331071
1.19934937021231
1.26072634723464
1.0531341680556
1.17485160532643
18.9796266275557
2.14817786175051
1.12509227588566
1.06768234632278
1.01641746821546
1.19613435274622
2.75054757559201
1.03014361390884
6.16698337514362
1.50551390745221
4.49731222030877
2.79429901226126
5.62124243143514
2.5373705321271
1.22967533286312
2.5105184955871
12.4977627772185
3.60756385387086
5.50973311515479
2.83154185568157
5.94378984475637
1.51596126686999
5.58516203995104
2.45472833286104
1.04805521072148
1.28912289083047
15.4857772473
1.09519150836658
1.15481245966619
1.23886858145078
1.64387981048872
6.62897530096919
1.25060090367817
1.02300712403267
1.3900846311005
1.69858171617928
12.2765611231952
4.54203542339778
1.31240863270776
8.65644739237431
1.14059870002031
6.13694407638336
1.19005765717256
1.89759995844494
402.943895428555
2.2819421414334
1.25222416414173
2.88998294629946
1.1315445507798
2.12341859470217
1.50299438900522
1.25649927031533
121.319024829406
2.62143168322639
1.29509292492606
3.5079988311798
2.07872728294292
1.56193324282055
1.72473632492095
8.05481119646036
2.14699305579277
3.45689309538756
3.25548552122894
19.368565158417
15.6200914616235
1.15869849600834
30.1059489050982
25.768265977423
7.65134597107783
2.44907922293725
1.85580215909833
3.52243392179396
1.66402304637784
1.05250387198783
1.68061259372266
2.92664331547758
1.77557578429628
2.8412101621612
1.33108835190136
1.60155559597149
1.43760748379718
2.92781833683478
2.66665429048189
1.4792440880475
2.05262263507385
1.33248827100689
2.45331311506138
1.0345835898528
5.98029979564443
1.01499413883804
1.41765159564413
3.30699499220823
1.02314606159123
5.85550450333239
2.91260807278095
1.00282701282304
6.37265662407765
14.1365203026367
7.21581123527938
1.25643814918951
2.53901402757348
3.07975249099198
1.64553274896208
2.16535292637153
1.08954392599939
1.13017485729889
6.20303637779825
1.81073471172225
6.2302038512257
2.94894984614285
11.0097396076783
1.66142794177823
1.01328201565434
18.2177531638529
5.12093671309002
1.2910257035072
2.36515605653353
6.66825629998907
35.8207937512981
1.16552038650325
1.25722866608436
1.2930979816912
1.5108399842678
1.55955239144605
8.12196470767099
1.96839695152652
1.66555778233257
1.63612940858655
2.32286366037005
1.55768274072459
3.17963690945506
1.55823216440623
1.00569894075841
1.53244564618847
1.33420857585329
1.06446026827916
1.19929323578481
1.69001558669764
1.04150320689924
1.34934953069112
2.92122389265409
2.31113320115682
16.4404436584921
1.02993373274853
11.8406872716944
2.52866825784912
10.3240071063554
4.8114631896329
1.41245206517199
1.83146552681729
4.01880349500944
2.62223600643586
1.5306067057039
1.01705740564894
1.95248413431701
1.8267088811373
1.74509903032348
1.4465765782996
1.04183221675435
1.283366927962
23.5475909180916
1.93926291917468
1.80033853060611
4.04602951970195
1.01845753717471
2.13550908830066
2.27377366324939
1.23321449699868
8.58040262272641
1.58232595107803
1.14887197845359
1.19412742610551
1.83790674676779
1.09140971064482
1.27161021790935
2.0023653191535
2.40897107569817
1.94469689179428
1.84026582186222
1.11880544245304
3.63316214870815
1.0762646901407
4.06664033717138
2.57941264765317
2.3793319304257
1.52816752351536
4.86403237002743
1.57473814041954
9.29237492997158
1.17372348517518
1.50450593307413
15.5169376015654
3.6674794768207
2.48192279415019
3.41935276784686
20.7525728578613
1.02841178722501
2.12492827489945
5.09723444051346
1.4109450990541
1.00011236761329
1.2156705897562
2.93729396042462
3.27228376058367
33.2768312145283
3.14669544828898
1.1903596857958
15.072992940167
1.37672850084291
1.72168636166795
1.61499439566544
2.63438321320648
15.5262047857297
1.15693428149141
8.88206898517482
1.64318889043614
1.22183825570212
1.91443006215074
2.06777565944946
1.3784518849163
2.55607840582102
26.3285667332673
9.55685437990611
1.67413904576783
2.57555871503425
1.32244911307001
4.277774505319
1.74812471932082
2.30769588852295
25.1527443273175
4.52703163875752
1.10808496847647
1.16714623340448
1.29589283341472
1.3336459352826
2.73409284205632
1.15625480144688
1.9779175962741
3.26725148048127
5.47531437375138
1.79026597914911
1.32935997950003
1.93330190431197
1.24903900286683
9.08470582232611
1.12976383300926
1.42718703103974
4.27446681211171
6.29486656669737
1.15287229440098
2.81418662737264
4.72095486903153
3.87188574094468
1.72089588569891
11.8600671739438
1.02781554599248
2.52941955003551
3.14948957087791
1.62896754256167
7.34065147678958
1.79339503246863
2.68049591242043
1.34420680502062
4.26729825784776
1.021130184072
1.42049645691354
1.06480733207487
1.0039466021135
3.44092515467495
1.71537383454587
21.727357477719
1.78000346961996
3.08746908723518
4.30073656637507
7.49341036513163
1.32996999290183
7.20607113582571
2.24180731294774
5.09313897242092
1.41442213766401
1.37944260513705
32.916173761413
3.92044401722507
2.88628597060944
1.053206377871
1.64710874000062
1.15853274128686
1.11266149701253
2.61740287333277
1.07949149661925
7.47340376485073
3.52137409717194
2.92523903009933
1.1859784267777
1.44438200817931
2.51291864510736
13.0783742541677
2.09253701587314
1.84018791591956
2.28047333049308
1.00439293173178
8.6708753403935
1.11738137628921
2.59851036013459
2.31252596684916
1.47913658618335
2.06257716105287
15.0328722628217
11.2092783319531
1.48411899227033
2.60620673910764
1.00587030332083
1.0591193450971
3.58769688061515
7.69544093254834
4.9930145694624
1.30243842729428
2.40719840326663
14.0078611410731
20.9067087944032
1.92528787616615
1.70248431212877
1.83729224430894
1.13273247839732
1.62731946688214
4.82387697971916
1.20550191581311
1.14208060297065
1.02452367489768
2.63898554765058
2.00187431769212
1.01548483499811
1.16666128635689
1.16965196328244
1.21488779475365
5.3477979132639
194.071449201965
-4.36877249091973
1.93136754519699
1.02705056032984
1.63349933437476
1.22958339904545
1.05193327174602
4.24538028211284
1.58099367016407
8.72224433995344
6.27154943757039
10.1155775977436
2.68741636033349
2.72681499956535
1.38409378206976
1.61463513664816
1.00006519892632
1.26033526428662
2.96836050278148
4.39010209469189
4.30358135304341
1.84427350140869
43.8520691713002
1.84155899577717
1.72840241237461
15.8914674439295
1.07347948144856
1.66393495126581
1.80673350482847
7.81926191365744
1.0351659290719
2.36058299131647
26.2449509233707
1.88990452031096
4.20508218412539
1.14624685987085
1.92440498883645
1.37108658844468
1.8016650679924
1.99585509275541
4.94219853545168
1.633055269951
19.9135576065496
1.02274765677149
1.86206336518691
1.33640869400659
1.32167418919235
2.18122252758509
2.51576465315629
114.15600516324
4.37493261177341
2.97158760295439
1.24687144790709
1.88550334291203
1.58848488853647
43.4449712649535
5.33298267577382
1.09010505716848
2.90969956929432
1.31632169922355
3.01484726716232
3.36637172869053
4.29531625608328
3.58210548025344
4.70039152972709
1.62442604510816
9.69631739346628
6.6304973283377
1.0687447308664
2.03727036687145
1.12151582247641
3.80994635735644
1.33934845384992
1.32075750187524
1.68881167664373
1.28574539008436
2.27848941503343
2.21624742044767
1.86037056084656
2.69014525907888
2.32258324029212
4.33476821881429
2.60807571637017
1.87717719318358
2.93715021428879
1.66297321156496
4.15848319128198
2.65993934086936
10.7576112175463
3.29004321966204
3.2228102059314
14.8881201283759
1.54267039165318
2.72175673694738
8.14036346641423
1.06178711036593
4.7741471465291
1.00285554374585
1.02020811167817
1.83929450638229
4.34878803149015
2.05989647695846
2.93721555534942
2.9551610630672
116.08892895917
290.449749883329
1.29464267620801
1.98920723981985
1.45547453181732
1.01700842930425
2.16160133326532
1.17879240431978
1.27632452026929
1.00105936334685
1.06035220296423
1.08325280775446
2.06642678446063
2.68053589369586
1.30688678237543
2.08920364919948
9.70307724085577
4.93029956715646
3.89794109120291
1.21348071820497
1.80172564102112
3.69523882558132
7.0282544098754
1.17545895417027
1.67185911043587
101.842393818596
1.69801632091553
1.16016518356152
1.48444867936319
3.19835873426629
1.1915638204959
1.05324508741477
1.42297366841854
1.94370032268898
4.37121537621717
6.27993344442228
2.30017936201538
1.54580260686993
2.17471690580539
5.01884477917334
3.24421705578715
1.89208712109812
1.35424379919622
5.36137870125176
1.52196624020218
1.36072251743876
7.86710551907335
1.95401260155006
28.2681289103364
1.91638853708006
1.71564976764143
3.85386248901897
26.435465124964
1.20538914906443
3.42005753474018
1.0083971795419
13.0468103252423
3.53090825408531
6.8941555466114
1.24569401658485
3.07456204462982
1.22197518858103
1.66728760863711
1.09758932086801
1.19910934750541
1.30196163597293
44.9474067487784
1.04185369314941
2.70342330667153
2.94960890906356
1.34346420115159
3.93041388892082
9.74069747462954
2.35833299536251
31.9649170642143
2.14524535691622
1.80151704418124
1.4124438978808
14.8800386780016
5.06959924138671
1.48526634668258
2.82180098519185
2.44775785767387
96.1961296116429
2.31107848908855
1.24430182120365
1.0837607135877
2.94083582531981
1.22087101585036
2.64578418910919
1.18238359104508
6.01939333521697
1.18691458419089
2.67591880123931
1.47680365360059
1.14564996860907
4.54268590476255
3.61104610515361
2.93903383488799
6.56136308490357
5.99928324571601
4.18496024661376
2.75935847278251
1.92497175469006
1.56461628682425
1.79798748853072
4.53645266038083
57.2999627193865
13.1779834824333
2.16495741876147
3.47364051898538
1.2356717841627
7.12916698024036
1.00941024590924
2.27576522837448
1.11095537769206
3.38537234326459
2.02747371194388
3.44963824854109
3.07338025072803
4.63273593606533
2.50020182574498
2.70553267162131
4.19780244609893
1.66680195910773
2.83923910813724
1.53838664360325
2.32644601863868
1.44889972026573
1.91245293315636
1.46261535257088
1.0371877070836
22.9304900120725
1.36398461010829
1.22397535632502
1.39843916610023
1.40306791194053
8.38078115247054
10.6835218487247
2.38746072510347
1.15129771366214
5.48491766607853
2.6626529449959
1.69663315325462
1.9047808409133
12.5046057652384
4.62233349446907
1.06738114445623
3.75865840444541
2.09989605044265
1.3771797860211
1.64912922679781
1.24710108484895
28.3427925247576
8.6942905618646
1.24571247762789
1.50636235256934
1.40668232676834
1.90128647746425
2.09053848351341
2.03948974252477
1.95309348132316
3.6552755716173
1.11498647836905
1.27605377748936
18.661672084473
1.84737292715335
3.02899756842213
1.74385931180101
1.94898832582135
1.85421522784137
1.5099948577551
1.68988482791644
4.7331630847342
1.09372022957447
1.02930690111879
7.77016564382527
1.63562733326705
4.49464112102498
18.4001732362726
3.83044347137775
3.75110004881498
1.39686451393449
1.73052776097067
1.20005588318614
1.37778133564938
3.56438340366997
1.60388650613251
2.06547232901598
4.84458727777623
2.24555020735375
1.08576170360926
1.71506041408604
1.0492611401146
1.11311326058763
5.15660428219734
1.50658490586894
1.70547914853284
2.85788880098235
5.5416748645156
3.48758642179097
1.04173676946555
4.14579610057929
2.0133228866565
4.06740434481679
1.9101836428869
9.34521209132304
2.05390542763916
1.12972468543132
1.71727485518967
3.07082547754903
2.36771291173148
1.63772655192798
3.49583029611263
4.68881646661651
1.14979547453696
1.72527313191705
2.23886611521899
1.78804451959183
3.03481769335392
2.88739561122354
1.51675635606049
1.33931042910581
2.11130729065757
34.1416469896934
3.24894426889068
1.71768109558702
2.48561970144747
2.16671465105939
1.00805982450021
7.35034483168881
8.61616028836251
1.48507889144566
1.3580871590258
1.11565492041899
12.7194201710288
3.51181524895774
1.08441288680671
5.00984208292955
3.28876230582485
1.74011502076086
2.56685048798913
1.12858875072192
3.84180835852768
1.03601771948923
3.26857199990455
7.43025003974782
1.25597651206963
1.2761560828324
1.33608051206195
3.99582230108554
1.04074726783067
2.40441073569406
1.30077974668126
27.7886105400007
2.23185557570578
2.24444067512571
6.01186682400008
9.82452194187009
4.76980053899356
3.55210342176315
1.56773319086542
1.22478833672735
1.94231274382033
1.6177362586529
6.54115819530505
1.02605209366825
1.07636845823214
1.56797971638693
2.62144276160291
4.20795049852787
1.41705974061364
5.21448093239262
1.45037185837055
1.15363150821722
2.00454078476783
3.5734867350322
3.89993022467749
1.31530620395602
1.99292559481105
2.52540908306343
1.55859087454011
11.9311646727719
1.19723373190341
1.25369839712929
1.79603591415218
4218.71403973185
1.41477984548762
5.28361985656296
2.64993937990769
1.28925965106232
23.011649592991
12.7893799277268
2.74361105440548
1.54764262489295
8.90639568146301
6.67958354409498
8.13874507671576
9.27808241215009
3.09771812901922
1.74933229840064
1.11009971724591
1.47849074867662
3.09192147885322
2.56346100520387
1.16395764225995
5.59715272458216
1.03061207672653
2.85423585033452
2.89669149329355
2.4016615571585
2.64097290252132
1.11266685614461
1.6191136806813
1.02933452310323
1.24935093826509
1.11595026873054
1.32602635728668
9.17123274610533
2.72818650295287
2.11694701334238
1.61626505876449
1.09865309236593
8.23087990558428
1.90728928364108
1.05468437812505
8.95883663979325
1.0811991243904
1.03333732477249
1.13121032428016
1.15375438887314
14.6800833966336
1.20023666757009
1.6403711342171
35.8729006519638
10.2638417586972
1.24549147964477
1.91261803581636
1.01143577653408
2.0646670816059
2.26118135237396
1.18766328762818
1.80235296037341
2.74179054452619
1.84060289603633
6.37033434772719
5.8457356541067
2.76153179854234
11.1168110442111
1.12610369217789
6.21576568044624
12.6609982616656
5.95825741254449
3.80809680693794
213.208868841642
1.8048919973569
1.14578711030314
30.9627077406249
1.51760376852372
2.73155992926355
5.28826493284658
6.3503919348326
1.80555363958955
1.54388467460461
1.74948640645249
1.67386050336149
1.13292221519601
1.74168054405982
1.06701736585601
1.12638882248885
2.82360435535433
1.57395967517662
1.22761526304381
4.54891889019709
3.67572553112009
3.39128800408626
3.29184320003233
2.10425961462218
1.34057908853092
22.834987678317
1.94853537275648
1.37944048694426
1.14030690004906
2.61264511163452
16.4000502078282
1.25087093964853
1.5384242833747
4.22181818694034
1.52853229414041
3.42499814255235
1.27747089983157
1.37947856224175
1.95057276466666
2.30047736688237
3.13392527627363
15.6432803174945
1.58971011736184
11.1704674955048
1.2254967204652
5.41093515159138
1.09897381917764
3.56191431036418
1.03202157720913
1.8501815716973
1.35307855057927
1.32060760694382
5.26779196177984
2.77912895764371
1.1718130340481
1.07707710311165
1.11520529573862
11.7590012910797
1.31921811013854
1.67178910941067
3.1957401743363
1.13356980265102
1.56760970084549
1.38435493933952
1.71802180455076
1.01563132043549
4.21699491247354
2.52413966033917
9.90063211049737
1.22945178323256
1.41695177339051
12.2438930339019
2.34732787732173
270.859803600867
2.21672049762638
25.4560630429447
1.62874614689055
2.92432215905628
1.26212553651716
1.52598482503302
18.8008132606494
89.2010940893451
1.22805151147179
210.964339632873
3.34886083611838
5.02644672618958
11.0655795940564
2.76983679578145
4.59055910759347
1.09571320852178
21.0095810925205
1.37678534167446
1.04093590278098
2.291027705976
24.6842506614797
15.8558529482372
1.07652114511553
1.07024476658273
3.37730367136252
1.85424312802917
1.11945420704275
2.35390181790344
1.76336126711404
1.11007594854756
1.11601805550632
1.0753409961244
1.11900880025053
1.25399887659122
26.99761491385
1.33190577913028
4.28594920456298
4.53341553736112
1.61554671846736
1.57039188399704
12.158542968451
33.2119282812989
2.33448419279828
25.4379382962009
4.05194270471275
1.55307358428598
1.53436474016497
2.57499460973683
1.03229850868948
1.17061839173732
2.04145091412158
1.16600963374105
2.32044166340332
6.33015316593547
